{
  "ckpt": "checkpoints/sae_layer6_topk64_full.pt",
  "label_contains": "newline",
  "feature_ids": [
    2255,
    6767,
    6484,
    15230,
    7615,
    10047,
    13131,
    11488,
    10925,
    13821,
    15245,
    15577,
    7448,
    14584,
    10545,
    2757
  ],
  "feature_labels": [
    "Newline tokens in various contexts",
    "Newline tokens in various contexts",
    "Newline tokens inside XML/HTML/CSS blocks",
    "Newline tokens in various contexts",
    "Newline tokens in various contexts",
    "Newline tokens inside CSS/XSL/HTML/XML blocks",
    "Newline tokens in various contexts",
    "Newline tokens in various contexts",
    "Newline tokens inside academic/technical text",
    "Newline tokens inside code and prose blocks",
    "Newline tokens inside XML/HTML/CSS blocks",
    "Newline tokens and decimal points in various contexts",
    "Newline tokens inside code blocks",
    "Newline tokens inside code and markup blocks",
    "Newline tokens inside code blocks",
    "Newline tokens in code and text formatting contexts"
  ],
  "decoder_norms": [
    1.0,
    1.0,
    1.0,
    1.0000001192092896,
    1.000000238418579,
    1.000000238418579,
    1.000000238418579,
    0.9999998211860657,
    1.000000238418579,
    1.0000001192092896,
    0.9999996423721313,
    1.000000238418579,
    1.0,
    1.0,
    1.0,
    0.9999998211860657
  ],
  "cluster_cosine_matrix": [
    [
      1.0,
      0.2295181006193161,
      0.1651003509759903,
      0.22328536212444305,
      0.2144635021686554,
      0.21134279668331146,
      0.18945136666297913,
      0.1967092603445053,
      0.20389071106910706,
      0.2224450409412384,
      0.17489875853061676,
      0.1991109400987625,
      0.20437385141849518,
      0.21824565529823303,
      0.21865130960941315,
      0.20591074228286743
    ],
    [
      0.2295181006193161,
      1.0000001192092896,
      0.18161940574645996,
      0.23074810206890106,
      0.16287706792354584,
      0.20999011397361755,
      0.21598634123802185,
      0.24041225016117096,
      0.23284026980400085,
      0.18599407374858856,
      0.21543428301811218,
      0.2083793431520462,
      0.23152108490467072,
      0.19161073863506317,
      0.16001959145069122,
      0.19480840861797333
    ],
    [
      0.1651003509759903,
      0.18161940574645996,
      1.0000001192092896,
      0.2021843045949936,
      0.21352018415927887,
      0.21448220312595367,
      0.20919224619865417,
      0.1846751719713211,
      0.18430346250534058,
      0.1932983249425888,
      0.20462124049663544,
      0.20815140008926392,
      0.2073255181312561,
      0.18741843104362488,
      0.2131778448820114,
      0.20128485560417175
    ],
    [
      0.22328536212444305,
      0.23074810206890106,
      0.2021843045949936,
      1.0,
      0.2089521437883377,
      0.208640918135643,
      0.1914089024066925,
      0.22844763100147247,
      0.19272658228874207,
      0.18628159165382385,
      0.2061368077993393,
      0.2080046832561493,
      0.2417871505022049,
      0.1436377465724945,
      0.20648352801799774,
      0.22580130398273468
    ],
    [
      0.2144635021686554,
      0.16287706792354584,
      0.21352018415927887,
      0.2089521437883377,
      0.9999999403953552,
      0.1629239320755005,
      0.21933749318122864,
      0.18219006061553955,
      0.2092771977186203,
      0.1898602545261383,
      0.21559414267539978,
      0.17352773249149323,
      0.1961323618888855,
      0.18729881942272186,
      0.16946987807750702,
      0.15938425064086914
    ],
    [
      0.21134279668331146,
      0.20999011397361755,
      0.21448220312595367,
      0.208640918135643,
      0.1629239320755005,
      0.9999998211860657,
      0.17610608041286469,
      0.2005947232246399,
      0.18501168489456177,
      0.21257556974887848,
      0.1669321209192276,
      0.23037636280059814,
      0.16640649735927582,
      0.1836644411087036,
      0.16652579605579376,
      0.17352627217769623
    ],
    [
      0.18945136666297913,
      0.21598634123802185,
      0.20919224619865417,
      0.1914089024066925,
      0.21933749318122864,
      0.17610608041286469,
      1.0,
      0.2053108811378479,
      0.20396363735198975,
      0.17693747580051422,
      0.21669869124889374,
      0.1726209670305252,
      0.21085871756076813,
      0.1821228265762329,
      0.19881682097911835,
      0.20287179946899414
    ],
    [
      0.1967092603445053,
      0.24041225016117096,
      0.1846751719713211,
      0.22844763100147247,
      0.18219006061553955,
      0.2005947232246399,
      0.2053108811378479,
      0.9999999403953552,
      0.19372333586215973,
      0.19154582917690277,
      0.19063258171081543,
      0.20377099514007568,
      0.17597277462482452,
      0.17136141657829285,
      0.18601660430431366,
      0.21975156664848328
    ],
    [
      0.20389071106910706,
      0.23284026980400085,
      0.18430346250534058,
      0.19272658228874207,
      0.2092771977186203,
      0.18501168489456177,
      0.20396363735198975,
      0.19372333586215973,
      0.9999996423721313,
      0.17606113851070404,
      0.14063647389411926,
      0.1948428452014923,
      0.21238644421100616,
      0.12943807244300842,
      0.18957209587097168,
      0.17702817916870117
    ],
    [
      0.2224450409412384,
      0.18599407374858856,
      0.1932983249425888,
      0.18628159165382385,
      0.1898602545261383,
      0.21257556974887848,
      0.17693747580051422,
      0.19154582917690277,
      0.17606113851070404,
      0.9999998807907104,
      0.16152651607990265,
      0.202239990234375,
      0.17733705043792725,
      0.1995842605829239,
      0.20194442570209503,
      0.1715351939201355
    ],
    [
      0.17489875853061676,
      0.21543428301811218,
      0.20462124049663544,
      0.2061368077993393,
      0.21559414267539978,
      0.1669321209192276,
      0.21669869124889374,
      0.19063258171081543,
      0.14063647389411926,
      0.16152651607990265,
      1.000000238418579,
      0.1670432686805725,
      0.19285619258880615,
      0.17007490992546082,
      0.19145266711711884,
      0.14706473052501678
    ],
    [
      0.1991109400987625,
      0.2083793431520462,
      0.20815140008926392,
      0.2080046832561493,
      0.17352773249149323,
      0.23037636280059814,
      0.1726209670305252,
      0.20377099514007568,
      0.1948428452014923,
      0.202239990234375,
      0.1670432686805725,
      0.9999998211860657,
      0.1574353128671646,
      0.19168800115585327,
      0.17996607720851898,
      0.13627678155899048
    ],
    [
      0.20437385141849518,
      0.23152108490467072,
      0.2073255181312561,
      0.2417871505022049,
      0.1961323618888855,
      0.16640649735927582,
      0.21085871756076813,
      0.17597277462482452,
      0.21238644421100616,
      0.17733705043792725,
      0.19285619258880615,
      0.1574353128671646,
      1.0000001192092896,
      0.17680463194847107,
      0.18258826434612274,
      0.18261556327342987
    ],
    [
      0.21824565529823303,
      0.19161073863506317,
      0.18741843104362488,
      0.1436377465724945,
      0.18729881942272186,
      0.1836644411087036,
      0.1821228265762329,
      0.17136141657829285,
      0.12943807244300842,
      0.1995842605829239,
      0.17007490992546082,
      0.19168800115585327,
      0.17680463194847107,
      1.0,
      0.18856170773506165,
      0.18287840485572815
    ],
    [
      0.21865130960941315,
      0.16001959145069122,
      0.2131778448820114,
      0.20648352801799774,
      0.16946987807750702,
      0.16652579605579376,
      0.19881682097911835,
      0.18601660430431366,
      0.18957209587097168,
      0.20194442570209503,
      0.19145266711711884,
      0.17996607720851898,
      0.18258826434612274,
      0.18856170773506165,
      1.0000001192092896,
      0.15796145796775818
    ],
    [
      0.20591074228286743,
      0.19480840861797333,
      0.20128485560417175,
      0.22580130398273468,
      0.15938425064086914,
      0.17352627217769623,
      0.20287179946899414,
      0.21975156664848328,
      0.17702817916870117,
      0.1715351939201355,
      0.14706473052501678,
      0.13627678155899048,
      0.18261556327342987,
      0.18287840485572815,
      0.15796145796775818,
      1.000000238418579
    ]
  ],
  "cluster_stats": {
    "n": 16,
    "n_pairs": 240,
    "mean": 0.19317229092121124,
    "median": 0.19307726621627808,
    "min": 0.12943807244300842,
    "max": 0.2417871505022049,
    "frac_gt_0_5": 0.0,
    "frac_gt_0_8": 0.0,
    "frac_gt_0_9": 0.0
  },
  "random_baseline_stats": {
    "n": 30,
    "n_pairs": 870,
    "mean": 0.005547142121940851,
    "median": 0.00328367599286139,
    "min": -0.12404777109622955,
    "max": 0.14560583233833313,
    "frac_gt_0_5": 0.0,
    "frac_gt_0_8": 0.0,
    "frac_gt_0_9": 0.0
  },
  "cross_cluster_random_stats": {
    "n_pairs": 480,
    "mean": 0.00456880871206522,
    "median": 0.0036158920265734196
  },
  "verdict": "NO CLUSTER \u2014 features are essentially orthogonal despite shared label.\n  The label is misleading; these are independent features the auto-interp grouped together."
}